fromList [((0,-4),(0,1)),((0,-3),(0,1)),((0,0),(0,1)),((1,-5),(1,1)),((1,-4),(1,1)),((1,-3),(1,1)),((1,-2),(1,1)),((1,-1),(1,1)),((1,0),(1,1)),((2,-5),(0,1)),((2,-4),(0,1)),((2,-3),(1,1)),((2,-2),(0,1)),((2,-1),(0,1)),((2,0),(1,1)),((3,-5),(0,1)),((3,-4),(0,1)),((3,-3),(1,1)),((3,-2),(0,1)),((3,-1),(0,1)),((3,0),(1,1)),((4,-5),(0,1)),((4,-4),(0,1)),((4,-3),(0,1)),((4,-2),(1,1)),((4,-1),(1,1)),((4,0),(0,1)),((5,-5),(0,1)),((5,-4),(0,1)),((5,-3),(0,1)),((5,-2),(0,1)),((5,-1),(0,1)),((5,0),(0,1)),((6,-5),(1,1)),((6,-4),(1,1)),((6,-3),(0,1)),((6,-2),(0,1)),((6,-1),(0,1)),((6,0),(1,1)),((7,-5),(1,1)),((7,-4),(0,1)),((7,-3),(1,1)),((7,-2),(0,1)),((7,-1),(0,1)),((7,0),(1,1)),((8,-5),(1,1)),((8,-4),(0,1)),((8,-3),(0,1)),((8,-2),(1,1)),((8,-1),(0,1)),((8,0),(1,1)),((9,-5),(1,1)),((9,-4),(0,1)),((9,-3),(0,1)),((9,-2),(0,1)),((9,-1),(1,1)),((9,0),(1,1)),((10,-5),(0,1)),((10,-4),(0,1)),((10,-3),(0,1)),((10,-2),(0,1)),((10,-1),(0,1)),((10,0),(0,1)),((11,-5),(1,1)),((11,-4),(1,1)),((11,-3),(1,1)),((11,-2),(1,1)),((11,-1),(1,1)),((11,0),(1,1)),((12,-5),(0,1)),((12,-4),(0,1)),((12,-3),(1,1)),((12,-2),(0,1)),((12,-1),(0,1)),((12,0),(1,1)),((13,-5),(0,1)),((13,-4),(1,1)),((13,-3),(1,1)),((13,-2),(0,1)),((13,-1),(0,1)),((13,0),(1,1)),((14,-5),(1,1)),((14,-4),(0,1)),((14,-3),(0,1)),((14,-2),(1,1)),((14,-1),(1,1)),((14,0),(0,1)),((15,-5),(0,1)),((15,-4),(0,1)),((15,-3),(0,1)),((15,-2),(0,1)),((15,-1),(0,1)),((15,0),(0,1)),((16,-5),(1,1)),((16,-4),(1,1)),((16,-3),(1,1)),((16,-2),(1,1)),((16,-1),(1,1)),((16,0),(1,1)),((17,-5),(0,1)),((17,-4),(0,1)),((17,-3),(0,1)),((17,-2),(1,1)),((17,-1),(0,1)),((17,0),(1,1)),((18,-5),(0,1)),((18,-4),(0,1)),((18,-3),(0,1)),((18,-2),(1,1)),((18,-1),(0,1)),((18,0),(1,1)),((19,-5),(0,1)),((19,-4),(0,1)),((19,-3),(0,1)),((19,-2),(0,1)),((19,-1),(0,1)),((19,0),(1,1)),((20,-5),(0,1)),((20,-4),(0,1)),((20,-3),(0,1)),((20,-2),(0,1)),((20,-1),(0,1)),((20,0),(0,1)),((21,-5),(1,1)),((21,-4),(1,1)),((21,-3),(1,1)),((21,-2),(1,1)),((21,-1),(1,1)),((21,0),(1,1)),((22,-5),(0,1)),((22,-4),(0,1)),((22,-3),(1,1)),((22,-2),(0,1)),((22,-1),(0,1)),((22,0),(1,1)),((23,-5),(0,1)),((23,-4),(0,1)),((23,-3),(1,1)),((23,-2),(0,1)),((23,-1),(0,1)),((23,0),(1,1)),((24,-5),(0,1)),((24,-4),(0,1)),((24,-3),(0,1)),((24,-2),(1,1)),((24,-1),(1,1)),((24,0),(0,1)),((25,-5),(0,1)),((25,-4),(0,1)),((25,-3),(0,1)),((25,-2),(0,1)),((25,-1),(0,1)),((25,0),(0,1)),((26,-5),(1,1)),((26,-4),(1,1)),((26,-3),(1,1)),((26,-2),(1,1)),((26,-1),(1,1)),((26,0),(1,1)),((27,-5),(0,1)),((27,-4),(0,1)),((27,-3),(1,1)),((27,-2),(0,1)),((27,-1),(0,1)),((27,0),(1,1)),((28,-5),(0,1)),((28,-4),(1,1)),((28,-3),(1,1)),((28,-2),(0,1)),((28,-1),(0,1)),((28,0),(1,1)),((29,-5),(1,1)),((29,-4),(0,1)),((29,-3),(0,1)),((29,-2),(1,1)),((29,-1),(1,1)),((29,0),(0,1)),((30,-5),(0,1)),((30,-4),(0,1)),((30,-3),(0,1)),((30,-2),(0,1)),((30,-1),(0,1)),((30,0),(0,1)),((31,-5),(1,1)),((31,-4),(1,1)),((31,-3),(1,1)),((31,-2),(1,1)),((31,-1),(1,1)),((31,0),(1,1)),((32,-5),(0,1)),((32,-4),(0,1)),((32,-3),(0,1)),((32,-2),(1,1)),((32,-1),(0,1)),((32,0),(0,1)),((33,-5),(0,1)),((33,-4),(1,1)),((33,-3),(1,1)),((33,-2),(0,1)),((33,-1),(1,1)),((33,0),(0,1)),((34,-5),(1,1)),((34,-4),(0,1)),((34,-3),(0,1)),((34,-2),(0,1)),((34,-1),(0,1)),((34,0),(1,1)),((35,-5),(0,1)),((35,-4),(0,1)),((35,-3),(0,1)),((35,-2),(0,1)),((35,-1),(0,1)),((35,0),(0,1)),((36,-5),(0,1)),((36,-4),(1,1)),((36,-3),(1,1)),((36,-2),(1,1)),((36,-1),(1,1)),((36,0),(0,1)),((37,-5),(1,1)),((37,-4),(0,1)),((37,-3),(0,1)),((37,-2),(0,1)),((37,-1),(0,1)),((37,0),(1,1)),((38,-5),(1,1)),((38,-4),(0,1)),((38,-3),(0,1)),((38,-2),(0,1)),((38,-1),(0,1)),((38,0),(1,1)),((39,-5),(0,1)),((39,-4),(1,1)),((39,-3),(0,1)),((39,-2),(0,1)),((39,-1),(1,1)),((39,0),(0,1)),((40,-5),(0,1)),((40,-4),(0,1)),((40,-3),(0,1)),((40,-2),(0,1)),((40,-1),(0,1)),((40,0),(0,1)),((41,-3),(0,1)),((41,-2),(0,1)),((41,-1),(0,1)),((41,0),(0,1)),((42,-2),(0,1)),((42,-1),(0,1))]
46.875
249
 ███  ████ ███  ████ ███  ███  █  █  ██    
 █  █    █ █  █ █    █  █ █  █ █ █  █  █   
 █  █   █  █  █ ███  █  █ █  █ ██   █      
 ███   █   ███  █    ███  ███  █ █  █      
 █    █    █ █  █    █    █ █  █ █  █  █   
 █    ████ █  █ █    █    █  █ █  █  ██    

0.0
